# Created by Octave 4.0.0, Tue Jan 31 09:43:14 2017 CET <renaud@pclf001176>
# name: noise
# type: matrix
# rows: 1629
# columns: 1
 -1.249375642550841
 0.40753118291017
 -2.225180253788278
 0.9954336654201248
 -0.7826322406565122
 0.1529998300015258
 -0.005896106392670428
 0.4583312226205664
 1.091017968982449
 -0.5719589295545171
 0.2152326390420895
 1.074991542792842
 0.1790466678764338
 -0.6847450888542052
 0.4739585763707158
 -0.9911807985585146
 0.1578138272669891
 0.6724092729570998
 -0.8544331268973288
 -1.274428920649064
 -0.2295853910360971
 0.01320122906748516
 1.430479837252547
 1.121731435860501
 -1.018956397619157
 -0.17690702494534
 0.3604586989283843
 0.983063167752172
 -0.2612789607161919
 1.108931559647295
 -0.5683703453195315
 -0.2962343189872763
 -0.4714022711683928
 0.9789995781590052
 1.305905244810372
 0.9062895384701141
 0.8250284303549767
 0.03259900255459486
 0.2230496891400475
 -0.7939905398613407
 -0.6449107766483853
 -0.6861526780304248
 -0.6953084446275128
 -1.1666230452997
 0.1491915025589923
 -0.6437891022424103
 -1.22129456637728
 -0.6588225831408281
 0.1275213342493594
 0.9461767705809835
 1.198850868558925
 -0.08138754711658887
 -1.003711049499608
 0.9907995250312992
 -0.7888351509498233
 0.6466238849711761
 0.6709883483909616
 1.192039324502245
 1.088309605270638
 -0.7331894643176371
 -1.814438542337343
 0.008700102612883747
 -0.5878953196654977
 1.320867134250661
 -1.245176412608416
 -1.427479006419497
 -0.3024427196281725
 -0.6975104944669511
 -0.626620350442075
 -0.8308150597929986
 0.5263102388857748
 -2.042589580301425
 0.84197846329698
 1.262655421723197
 -0.9150671455164789
 -2.437559518949033
 -0.954482736489431
 0.8570675778120139
 1.335895034075221
 -0.1706485058100567
 0.291692404706796
 -0.6777648600538344
 -0.2815772425589715
 0.06292964642922354
 -0.6656747128300159
 0.06872390898171507
 -0.2598486527095282
 -0.8283014947236882
 -1.818974470239985
 0.7514661339522358
 -0.6539234299888164
 1.697501745147606
 -0.3639037039904628
 0.915920682825684
 -0.3705358493904
 0.02108911082634951
 0.5803785535543943
 0.3066595254104694
 2.498056745588045
 0.5899282834098645
 -1.133672491200659
 -0.4859716899635921
 1.302907271105317
 -0.2593364537384643
 -1.315432056544142
 -0.4497910082594813
 0.3234947022457195
 0.3892084207922432
 -0.3647729770940174
 0.6110947077283959
 -1.51434438195738
 -0.4333344054919105
 -0.152282836472219
 0.1130669146627593
 1.295619209526367
 0.5271023204146679
 0.5605041417597733
 -0.01983657524988168
 -0.7225829579260682
 1.350438515754227
 0.5384085528395066
 -0.8265315008694789
 2.027694521820516
 1.509498685400638
 -0.9900934886839198
 -0.3050839021347665
 -0.5919830657698554
 -0.06161740882651041
 0.1861848348687867
 0.2454085695418198
 0.6723697726903243
 -0.8436731461048811
 -0.4710845112938721
 1.751771728553687
 0.6307909561631513
 2.006685759322791
 -0.6216517244047369
 0.8983041119949022
 -1.153411754758749
 1.029557985046878
 0.2991340652201327
 -0.4398880002308273
 0.3885082350793896
 0.3348238011598
 -0.271670605082977
 -1.950312936577645
 1.617405210680754
 1.121707514234527
 1.223817162383583
 0.9400900678969965
 -0.6149158005157138
 1.309557091049255
 -0.1331081114033614
 -0.5826635447185187
 -0.5857207594382644
 -0.2652756534752341
 -0.5158495788357533
 -0.6980987117673851
 1.060539820459946
 0.682352453305541
 0.5169037878565834
 0.9264297836580841
 0.4997204360257118
 -0.641886976478689
 0.6180638127478338
 0.0554101340251946
 -0.864675742215029
 -0.9132845153500079
 0.9160985034760883
 0.1355265916752752
 1.313188465754753
 1.324994573853191
 -0.731948140550457
 0.4397022197311939
 -0.3637080475292256
 0.9860707886564305
 0.04983445819722367
 -0.8743677690445157
 0.1653671447049352
 -0.2802433496543598
 0.6388225406938861
 1.188769914285871
 -0.2236404484165143
 -0.2717126170146878
 -0.7698305646782077
 -0.7268211921855373
 -0.7719102941395861
 -0.7691986884100146
 0.3979944674340467
 1.740605891973116
 1.854455457940546
 0.5103084767682567
 -0.2109440767293696
 -0.8817951229372017
 0.1422254956127094
 -0.4898757850709319
 0.05034619537477035
 -0.2472655008327878
 1.013775502740976
 0.383856277374503
 -0.3942925431640148
 1.425562080694304
 -1.886264561279296
 2.094953395409173
 -2.544911055964468
 -0.910660186506653
 -1.53320796120362
 0.3190416504082708
 1.199012041857226
 0.1884090590052827
 -0.8646774256944898
 0.40649055824692
 0.5021917741697121
 -1.36681632107524
 -0.5135647778393885
 1.210470641337501
 -0.6485098999693323
 -0.1466833316060052
 2.743402631987616
 -0.5653926318409693
 0.2823311257781473
 0.4670176739874433
 -0.5069464735255734
 -0.6330756771142476
 -1.303458967944371
 0.9894444799390584
 -0.5042567782827204
 0.5830804456568706
 0.3622580672219295
 1.001315916921481
 -0.8316731992412121
 0.2201576165981984
 -0.2536607897377167
 -0.9582271249988812
 1.426387900056202
 0.1881889116831826
 -0.3083318616103952
 0.7325696517637568
 0.3490245394040905
 -0.261954585287861
 -0.634312791719558
 -0.07081927965664062
 -2.422568896314502
 -1.507044743257319
 -1.335691483325557
 0.4316573587381845
 0.6047373961951752
 -0.508218484828902
 -1.043906054141343
 0.2966467466648799
 -1.716177438271197
 0.8705005143273188
 -1.462865979250951
 0.4190863383131662
 0.8937574949483121
 -0.9044262422400886
 0.2476930720405895
 -1.415524222795829
 -2.536475622500474
 -1.824602929437481
 -2.045803859013585
 -0.1602376603593393
 0.3221756288443368
 0.6357955687699853
 0.004195135724665363
 0.5973888240484078
 -1.81904727066208
 -0.9984592987181681
 -1.05331359075615
 -0.3396421805831226
 0.06747009847380263
 -0.5919281612259647
 -0.4351233015048745
 0.5197400862326578
 0.1020042021491952
 -0.1058794699586503
 -0.7529149299412007
 -0.6814706125540447
 1.080400909462285
 -2.059391867811132
 -0.5537443658207191
 0.2722656440957866
 1.555264145918122
 -1.151721887517555
 0.2169511136111393
 -1.814022183238547
 0.2364853339915098
 -0.2955217518480958
 1.173091089447074
 1.047824198363581
 -0.3426861218326926
 -0.8172067114122519
 -3.112409325446677
 -0.5628690607012697
 -0.006804631881508534
 -1.387939179686846
 1.555254401922509
 0.09226968477185878
 -1.246747697301774
 -0.6464538542825864
 0.1770587912668999
 -1.066415296393392
 1.264035119235392
 -0.1350665146537772
 -1.31606718519621
 0.6064298130831509
 1.362192393898501
 0.3255235460539752
 -0.1695434256629921
 0.6163946619096512
 -0.4005320539639161
 -0.5091134038372184
 -1.297888622109843
 -0.8449380340719208
 0.1222911025441129
 -0.5551660131021746
 1.258623662006683
 -0.4379003566543506
 -0.5169717632714729
 0.5879794881662939
 -0.1389237852906112
 -1.140935561552642
 -0.4441134170934332
 -0.2091635197666638
 -1.013715454005323
 0.6819315488242925
 -0.30604225582567
 -1.278667321532525
 2.636784646727062
 0.4050103861071534
 -0.100349777778957
 0.02713717539747732
 -1.664141159494847
 1.363131533673233
 -1.379656769096987
 0.4097635437107427
 0.1173558276257439
 -1.28989312131986
 -0.7872361818185087
 -1.159176712322949
 0.1847846241361847
 -0.2899635408657778
 -0.9866766016680594
 1.381334690029966
 0.4422235541212923
 1.139559188329411
 -1.178040873525392
 0.6290035558885646
 -0.5610861640966968
 -0.002569915840373875
 -1.812150381731356
 -1.338749867625774
 1.58922612533873
 -0.9907923989896882
 0.7717356065651229
 0.4251489296715013
 1.985300461438629
 -0.6962598046848433
 2.746326914901206
 0.1841387638174625
 0.1140764585099338
 -0.04944788983928171
 -0.7027272482612298
 1.796122442053274
 0.284490935615241
 -1.122495116326326
 1.358921650642677
 -1.448271322767581
 0.6111828890880765
 0.5419297430663251
 0.7071800447600325
 1.646980944261117
 1.56251677976963
 1.113449051257585
 1.44322792820541
 0.586147736477288
 1.543667794363175
 -0.8121517222827468
 -0.5432112926091865
 1.492666340464695
 0.3177268604003464
 1.42829827776807
 1.740463577044358
 0.8632978344474264
 -2.174484525115122
 -0.4189674096957667
 -0.8192958129354886
 -1.157345026463298
 1.031533114919719
 0.4050874711883852
 0.324141760592201
