# Created by Octave 4.0.0, Thu Oct 20 10:03:06 2016 CEST <renaud@pclf001176>
# name: bruit1
# type: matrix
# rows: 1242
# columns: 1
 1.744419800449032
 0.05089563462719632
 0.7774572306111984
 -0.5563887717570175
 0.578896586891542
 -0.111569860834852
 -3.253658554443515
 -0.7977385110400483
 -0.2781188083830863
 0.4594808183234357
 1.396644948111403
 -0.3648120390875093
 -1.080182888325385
 -0.4568619778592886
 0.5281832844195488
 1.168424446701862
 0.5548338552011239
 -0.4291045563644786
 -0.3408650137778532
 3.264982590083229
 1.086992559199951
 -1.128605921595883
 0.3281171543436813
 1.02872358530903
 0.2368933190269396
 -0.1476226953147848
 -0.2649632587834238
 0.7343275476754603
 0.9055323634279501
 -0.3314047827605863
 -0.04705143549909773
 -0.4180426174490888
 0.1911802242476902
 2.396194495626795
 -1.414203751860847
 -0.04486129886528636
 0.3334948424547501
 -0.4685441048551227
 1.237433956751535
 -2.550933524768515
 -0.6095966387830026
 -0.8250168966658976
 -1.177057714853718
 -0.0376824442266864
 -0.5814095107775116
 -0.2816390127547713
 -0.8457159063295178
 -1.037591038777306
 -0.3100369303010689
 -0.272758493664868
 -0.224726781009766
 1.523663886439285
 -0.9807336129736584
 -2.626291436869
 -0.8736582758473525
 -0.9523542818261068
 -0.5559902385888723
 0.7875346179736108
 -0.5581743835941566
 0.09175810603837226
 -0.8365579510400188
 1.057623470824355
 -0.9402344513107361
 -0.151684563971403
 0.8757711583623101
 -0.7652039537098425
 -0.3773476152692686
 -0.5968072191194638
 0.01491034940326416
 -0.4282131163506448
 -0.2142821154955205
 0.7400580053398618
 -1.506997438709484
 0.005890922022260515
 -0.7092067566211215
 1.602031866058317
 0.2424061244010732
 -1.051055356055238
 0.4385491855794538
 -0.787479487948977
 0.2471796767465783
 0.9510398678771154
 -0.2411539865111527
 0.530101583139599
 0.6710764145443078
 -0.8075069624887002
 1.885701111024567
 -1.417993871088692
 0.4626400086164079
 -0.4309424596297924
 0.2367756176182721
 2.204915528342156
 -0.2603788090456947
 -0.4638939492887029
 1.028645699174385
 -1.505192808590031
 0.2006051575976704
 0.5783911830318247
 1.472859830059787
 1.219528191809497
 -0.6414287268694687
 -0.7617190616848806
 -1.147174141504466
 -0.1557858850537528
 -2.326259985752095
 1.831618681088445
 -1.076797726302778
 -1.054154544834454
 -0.9604539204087472
 0.9475597191854461
 0.2817383977444224
 0.5288259659773353
 -0.5571679787932619
 -1.958154082029578
 -0.01156403442541471
 0.5147495547318147
 0.7058984451035675
 -0.207320516508945
 -0.8956874658897089
 0.8993583963733178
 1.327133335241248
 -1.368595942699643
 -0.8818244322802596
 0.3919911103067694
 0.4989996973095885
 -0.1725454162888447
 -0.7933736966214753
 0.201104379790112
 -0.9438143255770018
 -1.165080945800899
 0.9585490664272431
 -1.533547381945928
 -1.047707389384445
 0.4503746187012859
 0.3506857870481703
 -0.657050552632788
 0.4571917509166925
 -1.05974121202155
 1.117246960963652
 -1.664459887422152
 0.6921936849898551
 -0.5462215157716426
 -1.47945872887099
 -0.6943372230690671
 -0.003036779686746914
 -1.645665675632891
 1.389759284765425
 0.2137754324908033
 1.777129460941677
 0.09857137950363569
 -1.907851869923907
 -1.357424860504403
 0.6807100010822098
 1.48872157678941
 0.6782230236610645
 -0.2476180033268671
 -0.4482251755768455
 1.572495100911664
 -0.07502272508982043
 -1.567447022485627
 -0.05568561826832615
 0.3449704258170563
 -0.2345878547762628
 -0.7663692729005612
 -0.8628522116337122
 -0.7552454736968445
 -0.1993899894977481
 -0.101960606329188
 1.100456475038191
 -1.32822197621772
 1.220905481289355
 0.6002654896937514
 0.8724825466538649
 0.3290533586392255
 -0.7182705689593032
 0.1262722661455993
 -0.2448186374618563
 1.479095153424567
 0.9386696293910544
 0.9251736596132123
 2.545491148646279
 -0.0643889695363475
 0.3743312704340265
 -0.2259543763108869
 -0.8450381675246451
 1.235351786415301
 -1.325287084231346
 -0.7416028925504748
 -0.7469385984836467
 0.5712672601511832
 0.3424021589646407
 0.962013660043191
 0.4878787742192707
 0.06825316937902932
 -0.8813577845649924
 1.55956994168265
 -0.9225597726841913
 2.302596986612096
 0.2815687973329429
 0.206471140636288
 -1.425627448819736
 -0.419044230005869
 0.2938752912211808
 0.5641355082235581
 0.8915463702261165
 -1.678296526319542
 -0.9706292293898561
 -0.8206956065089575
 0.5662524662694768
 1.117099270163608
 -1.281241358058764
 -0.04384954909758878
 0.01843957092617864
 -1.541737659650384
 0.3059818032094698
 -0.9460656083091442
 -1.250752152905751
 -1.194038110105106
 -1.498963831521033
 -0.1841462186325763
 -0.3799093247149759
 -0.9329223593591363
 0.4618872066764599
 1.359382401119903
 -0.04714068368614428
 -0.4180265251380652
 0.28978630418491
 1.486167087628137
 1.159529284004663
 -0.8655218906514861
 1.206691475993307
 -0.9943697276625112
 -0.3453851119047534
 -0.3302984888437752
 0.3179457168754768
 0.9422487731015794
 2.11822438689404
 -0.2884353531330184
 1.570064615025236
 -1.145005893163695
 -0.2678367252810486
 -0.8233392241230643
 0.7396910371934295
 0.8409281775726571
 -0.4150392756168801
 0.0677233752141989
 -1.575572532340451
 -0.300665692021716
 0.5787056171656241
 -0.4198218462588317
 -0.6366903012324522
 1.246218533598423
 -0.7031504952789823
 -0.4243013928669279
 0.6076705038636576
 -1.074148314565388
 1.87382682785214
 1.095473345298011
 -0.3847997836283512
 0.1618827458908241
 1.862582202461702
 1.068401892513003
 -0.3815468070071956
 -1.432034237286118
 0.1484716738861727
 -1.737132758744437
 0.3972992965717676
 0.03485574353418253
 -0.167292661628497
 0.3535604049079747
 -0.456255308481012
 -1.327920503454003
 2.468923910064382
 -0.4154108821536437
 -0.3613732571849227
 0.215367024051596
 0.840328578757959
 0.3351957328764815
 -0.06367365783159991
 0.596313932685867
 -1.648269530650043
 -0.560866170566639
 0.830058467385607
 -0.4606799942195269
 0.07427649067723151
 -1.578703578479725
 -0.1210902392128805
 -0.9102183790645596
 0.5946722507368029
 -0.5584592462798352
 -0.734374729203909
 -0.9220983024498924
 2.004173330628911
 -0.6379602435285094
 1.398716995052653
 -1.316990925025946
 0.1176591252924127
 0.1888005999342065
 -0.1412342648965944
 -0.2597012347998558
 -2.045346041303066
 0.1426426178364114
 -0.02935220878979709
 0.02569066482245431
 -0.05420245595592843
 -0.6497825927005932
 0.8388938214858174
 0.02098321425376887
 -3.624759346532358
 -1.443856243629439
 -0.5465763089063166
 0.4556059386285229
 0.03415172034565513
 0.7910978274964342
 0.3020326943746171
 -0.8875416887764123
 1.048258872804083
 -0.07984513044973898
 -0.6956187321756996
 1.434176436093468
 2.217740997651499
 2.077155365352501
 -0.8942932648896638
 0.4110657690195069
 -0.1628091444778318
 1.019718262061024
 -0.1008111336589304
 2.203539360388894
 0.7344338203650177
 0.7030803711097425
 0.3765010297252775
 0.159647860323025
 -0.6465223381944432
 0.8997198330157626
 1.687350719847953
 1.060466360578225
 1.578910633456516
 1.044663111348892
 -0.2880905549048079
 -0.9680838482674714
 2.243302936251043
 0.2683533552077667
 1.003675176069352
 0.3708651269239993
 1.643976773432376
 -1.089126935644805
 -2.9467061940353
 -0.5993641487552706
 -0.3297227191582526
 0.4171288912224922
 0.4362557869526531
 0.1885611035125807
 1.063659665232981
 -0.5124190580786546
 -0.5860809734794548
 -0.07804400797335127
 0.1972687152871302
 -0.9005726143814183
 -0.1121501946705908
 -0.2647830441611081
 0.06890885849741533
 0.8657884404173254
 -0.1753087984939062
 0.414875304063427
 -0.1228389384424956
 -1.677704504632856
 -0.8185097268803875
 -0.3524623116211842
 0.421899771439174
 -1.575413511513478
 1.671914946754822
 1.261380245594543
 -0.2024279799224235
 2.112898159231217
 0.5128003770866292
 0.4473272483909884
 1.162714253943948
 0.2569745394348487
 0.00272150790651397
 0.9098451622259641
 0.7788052887370602
 1.365593602370057
 -0.5409848854129374
 -1.414629511424417
 -0.3178681841293102
 0.8688344978829806
 1.978317115499853
 1.324447675309468
 -0.1616604951949809
