# Created by Octave 4.0.0, Wed Oct 11 08:40:03 2017 CEST <renaud@pclf001176>
# name: noise
# type: matrix
# rows: 2664
# columns: 1
 -0.5690839832820186
 -1.975418125654262
 0.7052532214766397
 -0.8089232285783438
 0.9533150721736874
 0.7466975628824913
 1.247223755881811
 -2.001082729989287
 -0.02315779676603504
 -0.4211549279377303
 0.5242673894806832
 -0.4674996276334698
 0.5818992972003592
 0.8085130092090422
 -0.03276255530116739
 1.320915029166618
 0.8022493093007153
 -0.3064776644828031
 -0.6895197835144227
 -0.6329076810903593
 -1.260051295005124
 0.690588905132175
 0.6500946501060711
 -0.1631674268698583
 2.240074265009388
 0.6613283805035515
 -1.13803302543321
 -0.4545041926001179
 -2.242227412884966
 0.4651429242298186
 -0.7508988944697409
 0.9879974937497891
 0.4021596019464646
 -1.862876332231848
 0.5037136989785777
 1.596376608089864
 0.09974197522208055
 0.09668995200461677
 0.6135247108726422
 1.14158101867157
 0.487352228471248
 -0.4900942242766616
 0.7571482586843561
 0.4965896748837252
 -1.372732446137913
 0.7947145449921432
 0.2620360993269774
 0.496324668472252
 -1.633963461744744
 -0.7633111531637102
 0.9101095390031778
 1.140052392150006
 0.5339716771409343
 -0.05901183335033069
 -0.2839115977793352
 -0.1280956783965435
 -0.5983632178954504
 0.003516724878795298
 1.765012929000554
 0.06027802962634252
 0.4455768223393233
 -0.2846915336194483
 -0.02599591671645069
 0.6859069695451475
 0.3291320694047122
 -0.2712673639157853
 0.7003284346034795
 1.876120882954477
 0.7173725597810159
 0.2767795210012975
 0.4372264916401787
 -0.8241404473643364
 -0.1878704769896153
 2.10061936248149
 -0.6420406412526205
 -0.3840505203631851
 -1.182848244590335
 -0.09193996458234785
 0.1968247712438951
 0.7845206981961442
 0.9935208525054738
 -1.493494189460261
 -0.08115582308089404
 -1.147331850158089
 -0.05112990879476523
 0.4316077025068988
 -0.7567962796429067
 0.5618473632078059
 0.5474055258315147
 0.03092948747037013
 0.7738377313923747
 1.845930298438784
 -0.3849374416907753
 1.206066084312908
 0.3243368988332374
 -1.060580017032809
 -1.089677387979091
 -0.5606973249701571
 0.05048638584414254
 0.2554252049355865
 0.3329016250757115
 0.06135770929120809
 -0.8100925808713594
 1.005569611405109
 1.586335839391079
 -1.502964623197101
 0.4618795535833381
 0.429102762191201
 0.1157013964557885
 0.6652492330437337
 -1.522162336627308
 -1.001292387634122
 0.3516006621308014
 -0.7315697178456083
 -2.420330748381974
 -2.122021083872856
 -0.2735494260460185
 -0.6336818361988984
 -0.7345558003256569
 -0.2705637443038664
 0.07313658220877928
 -0.2722408055735086
 -1.698605213717288
 1.071748813524707
 0.5651749432353398
 -0.00887791802342556
 -0.3282644187001256
 0.5542958717440448
 0.6195412155829425
 -0.4180193110292155
 1.20370032287339
 -2.98299361614598
 -2.177215188652901
 -2.478923538068023
 0.1061397833903565
 -1.520243173497226
 -0.1881637941803484
 -0.9306339927612043
 -1.347802791831342
 -0.5279389458875834
 0.5870521793402704
 0.7094013164745835
 -0.08554965625963376
 1.137761972396878
 0.4235161654035882
 0.5221707042913329
 -0.4280632011815896
 1.06782287162351
 0.5851359011536384
 -1.38525844741435
 -1.113674067921537
 -1.155709318567664
 1.490731713579768
 -0.09396084068796227
 0.264067964427011
 -0.1885088146157464
 0.08609894657284062
 0.4843936669354275
 -0.9486731244436046
 -0.4091170117098901
 -1.467293691511803
 0.5575857383532047
 1.084606137769363
 -1.358780330158065
 -0.9388988152594441
 0.3503584092541024
 -0.9710052323384512
 -1.895054677294484
 0.2816535727266742
 -0.9243369597780472
 0.004105895479516022
 0.1518378873986544
 1.334015824355405
 -2.113022181077402
 -0.4387124698902836
 -1.188134250289057
 2.382279075857898
 -0.1561595727932398
 -2.030443777488858
 0.8715353586531527
 -1.254627889017242
 -1.058829709498019
 0.5616855219665804
 1.627367802346338
 0.5081933337168658
 -1.329535495677536
 -0.7195709774775662
 0.9570834410712185
 -0.6373808262931401
 -1.518633566991097
 -0.6332750572245645
 2.07828594668752
 0.9960881047550088
 -1.554216109840101
 0.07502104929188858
 -0.6336430993698297
 -0.3342067685049673
 1.542399218761153
 2.011931887540952
 0.1507996241708899
 -0.1128311954765009
 1.40123274115448
 -1.349354399938312
 0.70070756686396
 0.6405932888462211
 -1.422451883401602
 -0.318758115187721
 1.660007819964784
 1.908308109188036
 -0.2230750138502229
 0.9102401128948246
 -0.1989232549482707
 1.58256493466799
 -1.219903251051484
 -1.582369659439774
 0.05577465390163645
 0.7683905837814382
 -0.7728025824816234
 -0.7579454912800683
 -0.8765364933168157
 0.6297584594537728
 -0.5305856520422109
 0.8951324981098733
 -0.9740346145440811
 0.5684037179458713
 -1.910855200818125
 0.7578802441324169
 -1.311831763497765
 -1.081587210684787
 -0.7503905809142363
 -0.6638007889552672
 -1.447726468203558
 0.9890783452788162
 -0.8931319495443922
 -0.2660661201216787
 1.643186532835074
 0.3343999523764788
 -1.570457319985371
 -0.6389220265110062
 -0.204650565899138
 2.313517011294553
 -1.626532263340139
 -0.7636418547150843
 0.6805825443167339
 1.014070367572921
 -0.3200282112477293
 -1.027007028871172
 -0.3336997121905479
 0.1799016929494763
 0.03793637317320414
 0.8380264474369739
 -0.3173832993032955
 0.7598104746764277
 1.76815539116842
 -0.2141988455495136
 -0.4502603225472119
 0.2669913546476815
 -0.03246434334112246
 0.9489276402333582
 1.172130425298861
 0.7719414969326331
 0.3643092579298303
 -1.202387768205705
 -1.467051362667865
 0.6324194950740053
 -0.01952123649414143
 -0.931511986621971
 -0.3456786818509276
 -1.291682161763636
 1.687583911582982
 0.07072654963656137
 0.08700770328271235
 0.4902188007553517
 0.3871489816322539
 2.208228029139364
 -0.6510707707049261
 0.04073347542780353
 0.1947394257793049
 -0.6496787708034367
 -1.115737458856356
 1.047446159193941
 -0.1617995445488824
 -0.2537886441476381
 -0.3064757683775823
 0.4989859308658936
 -0.7105940107375414
 -1.874430250236334
 0.5319695145890665
 -0.8741945735022448
 -0.7260422360517206
 0.990812129639124
 0.2432303999633122
 -2.326731994584496
 2.424090078868098
 -0.6690497330849904
 0.1111496391921313
 0.7067777662903769
 0.007374486707202366
 0.4345475891064164
 -1.163739966175633
 1.940219641389825
 -0.1699206094330023
 -1.282258623696905
 0.7122280321480926
 0.2163968216728959
 -2.016415843253733
 -0.9179654078442606
 -1.124429966968479
 0.7354065304913849
 0.5246428279674287
 0.1914413205995037
 1.226635729380297
 1.389224525770216
 0.2286238689025152
 0.8038301631451426
 0.1818630387650623
 -0.1139717079407525
 0.2892813422989945
 0.4754378915544245
 -0.0347124285651557
 0.3637047636984959
 0.6908624588777227
 -0.6082850712810791
 -0.3395181980678116
 1.339837397872611
 1.091997570164635
 1.340467213175289
 -0.9103222454866736
 -0.8379833886771202
 0.06903822918112236
 0.3456262720642799
 -0.9190895293825068
 1.993679334713015
 -0.8879694066691574
 -1.14162233876844
 -0.9592333951870941
 0.02894205073214406
 -0.01872367625688273
 -0.5212632981273798
 0.3801595075305223
 -0.9035926469712473
 -0.6269550830185604
 0.134457647834483
 0.4967500693313543
 0.4317393891730048
 -0.9187794334282069
 0.5279039596759909
 -1.054193477697941
 -0.9153224218843377
 0.01300140841843764
 -0.6531016074223663
 -0.51862906773811
 1.862314766173894
 -0.06957087186994422
 -1.141183776437309
 0.5273817598067965
 -0.9807563713447953
 -2.093059058826633
 -1.127933948133026
 -0.3249668175705715
 1.693712518410745
 -0.5204303276895215
 0.744164114743884
 2.22706537522246
 0.8006751977187111
 0.653186440597554
 -1.352280577599408
 -0.1578363386073963
 -0.8941531037873113
 0.4365307285939174
 -0.9988190114589864
 0.1929099168010816
 0.3695485591925041
 0.21686027019478
 -0.9435306601935578
 0.4288036692045965
 -0.9276859853003593
 0.6391466930768973
 2.866875089399485
 0.5058147409835027
 -0.2498952211066995
 -0.2010346687519995
 0.8426109430402035
 1.082046585318462
 -0.6237241245894023
 0.05745727725813125
 2.13381670832304
 -0.6943320102804066
 -0.08491929368094443
