# Created by Octave 4.0.0, Thu Jan 26 17:47:44 2017 CET <renaud@pclf001176>
# name: noise
# type: matrix
# rows: 1479
# columns: 1
 -0.5791960043912838
 0.6185857511407321
 -0.2536399022101966
 -0.173041552363126
 1.02426318341146
 0.5530971648467683
 1.140419855414562
 0.4408212155457227
 -0.3684779057422878
 -1.088221983380685
 -1.31020194465458
 -0.3759266164655473
 1.200642344645583
 1.216247088316724
 -1.004954510784266
 1.584949268284928
 -0.5562125048363077
 1.09714774751281
 1.491497096381692
 -0.08249115471815137
 -0.4047534030719444
 -0.1699636453522049
 0.3927641307794014
 0.5474738352648202
 0.9254203428977722
 0.9703831207211475
 -0.6391505610688899
 0.8194539171302253
 0.2130708908262099
 1.144633160004558
 -0.9954131353455289
 -0.8941550094108086
 -0.5903134395301872
 -1.147834937663927
 -0.3589266588139577
 -1.100345324249728
 0.2990921030829186
 0.6936561260091313
 -0.2572045628955221
 -0.2303985650617409
 0.2700512777154712
 0.4576679714095701
 -0.393268033477908
 0.6791620902861967
 -1.188317187987435
 -1.892271233679403
 0.09283486988744698
 0.08664957798761422
 -0.2029118770869895
 -0.4061749729472649
 0.6752894641642914
 -0.1991807352058882
 0.08555202039634288
 -0.05150635827100283
 -0.7430697516137964
 1.99874322513712
 -0.4655000145176884
 0.6315414154469028
 -1.079190391014121
 -1.038696870670069
 1.146617852730005
 0.8890798674963775
 0.3571060893847572
 1.282225859256463
 0.6586913748459484
 -2.019976572581579
 -0.925084266842648
 0.4179021954321664
 0.222407634744084
 -1.050978092426145
 0.08871556422173456
 0.8627150357368273
 -0.723842499400008
 -1.115241687849349
 -1.039013087344007
 -0.8465959050194998
 -1.263211937994396
 -1.321087460633724
 -1.005582762510236
 0.3246535877259431
 1.78901663657943
 0.586657826757042
 0.06081355428897624
 1.586449392715495
 -1.275702037258549
 0.1858633046229431
 -0.2118091836537637
 -0.2090085236199213
 1.410689857896606
 1.327702824666054
 -3.578037309767395
 1.943097000920144
 0.39084736282004
 -0.1186761734162004
 2.804365471102073
 0.362603793423687
 -0.646990536314664
 1.237022125315038
 -1.037045643116684
 0.4813009295038767
 0.53480142153206
 -0.5933347490661132
 1.217806350237586
 0.2319172632629554
 0.6979967793593159
 -0.8084122055061811
 0.6509945741843619
 -0.730570536703653
 -0.4799195484620185
 0.4603920142801946
 -0.05512619269849418
 -0.8482331105945328
 -1.288520341822476
 -0.1770730060746939
 -0.6552213044859304
 -0.08613185107839608
 1.008368707447206
 0.09094302680726481
 -1.63206463098381
 0.252536397471478
 0.3805967809909846
 -1.070016887390448
 -0.1434984083161848
 -2.339047927561853
 -0.2294333800980709
 -0.08738217163267438
 0.4211962684709087
 -2.073877649868839
 -0.3919728531370003
 -0.129610088474393
 -1.397624991581596
 -0.4332121695814723
 -0.3331755556862201
 0.4933425217411274
 -1.56279308843038
 0.4245398454090804
 1.199066924318478
 -0.3147229061284784
 0.03066919160936224
 -1.897124857344683
 0.5400159488384048
 -2.512355653357722
 -0.007879164483558529
 -0.3534051604236161
 0.3463355223380111
 1.27030243704768
 0.06881673817100419
 -0.3983420616083951
 0.5606092085118104
 0.7138466344438267
 -1.400700794869015
 -0.8076458100821085
 0.4706851750890443
 1.445901697252422
 -0.7676348557827364
 -1.609103948012345
 -0.185931701532777
 1.138312508152725
 1.083784511418789
 0.3275875315360873
 -1.663555785415931
 0.0557756461234714
 0.05800638722483031
 0.3668110858381837
 -0.2298386256777068
 -0.518721551311863
 0.5084794394121708
 -0.7935726677094287
 0.1706597562033947
 -2.030452358586582
 -1.290756444704798
 -1.457322736558977
 0.7220716059682901
 -0.7505797005346432
 -0.170683205199388
 -0.4171723624606204
 -0.9768184505932697
 1.711195667517577
 -0.3116046226666854
 -0.1951085385261049
 -1.602930976128918
 0.2833893528384426
 -1.340454958089461
 -0.5440020039457806
 -0.7689260379353792
 1.118146389441901
 1.744870534388855
 0.3274083503267982
 0.3712346655345611
 0.08071872343132255
 0.3084193779036133
 1.072504000193772
 -1.508229085478248
 1.783784522110066
 0.8660004821807283
 -1.50657975940074
 -0.3823210627059302
 0.1784358165776499
 -0.4255520976403403
 0.09045563718973977
 -0.5876315774180192
 -0.8268093026889122
 -1.100771627233949
 0.8606006789044925
 2.5251413126574
 0.5317487141953292
 -0.4920615236526779
 0.8288748921622652
 -0.3552933655233161
 0.2898267007437574
 -1.237951673406646
 -0.892464766795403
 0.2903792534307001
 0.8519953958996026
 1.383991801825571
 1.408597230694353
 -0.445585007841601
 0.8024366509575406
 1.837418760164054
 0.7903091190869018
 -1.790088481377133
 0.6298334055253406
 1.029163614642662
 1.142581445958025
 0.4805291091687278
 -0.2189857110199177
 0.6901055885769967
 -0.7104016110699531
 -1.517571926727599
 -0.7798540323541008
 -0.006190733157840947
 0.6255322035074276
 2.57789442431155
 -0.4809117882179013
 -0.1958542097489714
 -0.3030464269960558
 -0.8619330726149191
 0.4315124209864561
 -2.51979035374739
 -1.322790116788672
 0.2056801883596256
 -0.4910983838464453
 0.041031493264307
 -1.17923438511063
 1.061319157056179
 -0.4403549613023638
 -0.821586501990485
 -0.5946093156323536
 -0.6809641845384501
 -0.4489988423511544
 -0.7631235266088484
 0.8576186534170114
 -1.040307572455501
 -0.6105380328854714
 -0.9185342046351934
 0.8341579934190777
 2.061257100966365
 1.451070822151943
 0.747951157580888
 1.193180147782556
 -0.003597025714328984
 -0.9939005882747355
 -0.4904599856272192
 -0.3413773649379955
 -0.7933101009089106
 -0.7866030462443553
 -0.3634109510192078
 0.4019089229405177
 1.007053421584177
 -0.1938864602684142
 -0.5401353095983152
 -1.028874587062145
 0.601187539693721
 -0.2682711736120594
 -0.5390291096808142
 0.383136643340665
 0.2456845370121107
 -1.309137735016958
 0.08349401068848794
 1.013339431660742
 -0.8497769749231735
 -0.1435168223638634
 0.1925206994258428
 -0.6967010479086504
 -0.3121408730815438
 -1.110398431828249
 -1.227118709854426
 -0.7825470704615028
 -1.126346740485701
 1.372375191980421
 -0.942041508411974
 -0.1327582611883679
 0.02485121418687843
 0.9636815947557439
 0.3542633623326923
 1.553351024654311
 -0.8797680152019336
 -0.3708088962016638
 -0.2929428877084631
 -0.4026418556112337
 -0.8281116914004297
 0.9348112443548863
 -0.08017213754685747
 -0.7764229022904342
 0.8857345445750906
 0.3005049905635979
 -0.9830433219379684
 0.104602666175038
 -0.9571020031391878
 0.6944246836952942
 0.6777493323375146
 0.5716653978780686
 2.188394894468118
 0.2420776034200617
 1.282878208717708
 -0.9362963649855507
 1.299732635381734
 0.2098461884439771
 -0.1427852337380604
 0.04890808229051629
 -0.3276555592341165
 -1.361143787629697
 -1.272862221378763
 -0.7921103047645959
 1.516084308174845
 1.786724644031394
 0.779418656678272
 -1.033663252144255
 0.08633540522364141
 0.1730384137505614
 -0.4387849231528014
 0.05018468198483275
 -0.4358416526166084
 -0.4953395795381865
 0.6387806626257555
 0.8299813558156427
 -1.100613074543412
 1.525315387970976
 -0.434546359100664
 -0.1026316437714226
 -1.258908134989382
 -0.439776185510761
 -1.949910236429077
 0.474123934323453
 0.06501395846749547
 -0.8587221553701928
 0.3663066808642457
 0.4915332643963592
 -1.348018513252175
 -1.529921837266617
 -2.544592963037952
 -2.525687065442606
 -0.421181143859131
 -1.689979760961055
 -1.282734939091555
 2.166271605584843
 -0.01140099308271731
 0.9085755128627826
 -1.069128840996763
 0.80339908412238
 -0.3664400725135108
 0.2764144150495162
 0.3336165095116396
 -0.4765859244668272
 -0.07136114312556724
 0.7125087618125846
 0.3565516472253062
 0.5760404954336182
 -1.098447391626301
 -1.112408779779916
 1.008842131541181
 1.334514022503515
 0.2973866139358085
 0.887403998973423
 0.1615826523305617
 -0.4266426245195518
 0.1049645447555707
 -1.005474395740619
 -0.7219204363714037
 0.4207665670115445
 0.4112202035403472
 1.640587150646684
 -0.2422366705480194
 0.4590361167855732
 0.4517705372273896
 -0.3553722407613121
 0.8441747722705776
 -0.2717281877113716
 0.05344972351421735
 -0.09264377333249481
