# Created by Octave 4.0.0, Thu Jan 05 16:26:20 2017 CET <renaud@pclf001176>
# name: noise
# type: matrix
# rows: 3688
# columns: 1
 -1.559004542051583
 0.474105433998473
 0.1884051430617496
 0.9889278652998087
 0.6056798738446412
 0.894130339241793
 -1.143740627358133
 0.5492965298235144
 1.152543160523362
 -1.727468760800849
 1.029061414900427
 1.031130955437144
 -0.9488189270737362
 -1.562425281805833
 -1.1451685563226
 0.8163940237933811
 0.6277131564652899
 0.6186612497769994
 -0.1183786307291715
 -0.0615780574689757
 -1.146628461432373
 -0.5714149465509127
 -0.8181397095668386
 0.8742611697282799
 -0.4545954616970704
 1.28849666785726
 0.8008526195456357
 1.459766619387628
 -0.7144248394516811
 -0.3065794686839326
 1.885153461980987
 0.2347460709021789
 0.5859810580029655
 0.7175736612214305
 0.5232465559135592
 -0.722621399408241
 0.8441154233229066
 0.9595700238260428
 0.9252649030774805
 -1.421370972537584
 1.123863401174455
 -0.5653951077848527
 0.1801201718281962
 2.720600229438305
 1.314886759202387
 0.06167701923880185
 0.3629357050237595
 0.5532595682068098
 1.102038548217697
 -0.07846322646310544
 -0.6640123236657408
 0.6880006701979772
 -0.1779646610311037
 -0.08921147880964819
 0.00167068325727438
 -1.718946216175559
 1.296922499384314
 -0.2157992254095183
 -1.332869243244049
 -0.508585359505321
 0.5123571519511291
 -2.150573666096244
 2.103366640206925
 -1.183776174310286
 -1.223576609704018
 -0.2652466713576277
 -0.9136195235570943
 0.5866681239104505
 -0.4147150924215925
 0.8199451252144457
 1.425096688997658
 -2.189289022837742
 0.9457938044224259
 0.2257696475152164
 -2.3069738417302
 2.054161069891083
 -1.129675099654484
 0.1881088272129778
 0.4730835680177667
 0.8403321409074305
 0.2140737711495271
 0.7930320403174489
 -1.252202713353988
 -0.09583606539125752
 0.3836878490416079
 -0.470394332004678
 -1.402548281392776
 -1.579687876360092
 -1.073203966946906
 -0.5398595178154778
 -0.314618658451935
 0.51126859286691
 0.433437315700143
 -0.7538532132858398
 -1.347023890375727
 0.5635077184750145
 -0.1918293055809325
 0.08594618596953538
 -0.7643007528417528
 -0.03624015613841468
 -0.1989070455658133
 -1.147185536367226
 0.04062097010707675
 -0.8287593194650437
 0.3468790710224472
 -0.4316382487232228
 -0.6709559368426729
 0.6347257126222774
 -1.523714494047216
 -0.6148561187462787
 0.03798719179822223
 0.6519944073957387
 -0.5608703945385546
 0.00871125120552399
 0.66658644828883
 0.06451601289202195
 -1.20392193875582
 -0.2277215919862526
 0.253885034035933
 -0.6422301989588713
 0.516993692274576
 -0.4461462771541135
 1.930534335895842
 -0.5442074563160917
 0.005289172427754694
 0.047837079479988
 -2.90402862050251
 0.9835270260734051
 -0.3862611241345317
 -2.532167412973279
 0.6284737299173426
 -0.2605282368156752
 0.5375603711931548
 0.4349679538367944
 0.3509365815562854
 0.6220473549083847
 -0.5659542525630075
 1.708815018097556
 0.5500175477733393
 -0.7683247734879545
 0.4541101259872386
 0.2476019114830684
 -0.09472421143803834
 -0.2906756929948502
 0.7360024232349556
 0.6986206854922681
 -0.7296792419351633
 -1.126325826905321
 1.058562955673235
 -0.5527153021030171
 0.1163366814598424
 0.4086854161666765
 2.288873730737258
 -1.620070199675955
 -0.09722349736392374
 1.145466521207479
 0.9782990933540479
 -0.05074332962010004
 -1.064100739077477
 -1.591812021327784
 0.6431752679765922
 -0.6919532196958912
 -0.9354260339148827
 0.03716871071223308
 0.1318477426771803
 -1.003760408667764
 -0.5683002543080401
 -0.6661416826490743
 -0.07591912171251557
 -0.9642803954109699
 -0.55187898357075
 -0.2245797130298693
 -1.942144894446186
 0.9386456956374027
 -1.155732228828969
 -1.932060222193247
 -0.2579321146159388
 0.5822925227499389
 -0.2780210200811619
 -1.022392373001337
 0.04422557071363543
 -1.319614441115673
 2.105766180535427
 -0.2664024964190747
 1.824145605649122
 -0.5111246773645135
 -0.3890155218423371
 0.4632641314210042
 0.8552047541696687
 0.05662053058951952
 -0.6969235118912526
 0.3484580885002271
 -0.2473132566686697
 -2.122579281393263
 -1.184320526749121
 1.568144786949862
 -0.4555096591848123
 1.171171670205096
 0.07819724565953953
 -0.3285986083342846
 1.805177331503425
 0.1185517032762565
 1.080440791578432
 -0.7307426594188636
 0.7556897923041974
 0.4009176608001985
 -0.8117118341365647
 -1.835655471489363
 -2.281018305771383
 -1.579821071087841
 -1.234743935271648
 0.003581342630862436
 -0.7081837598490565
 1.074540797707251
 -0.8245518363735994
 0.7126195724501591
 -0.5065436291166523
 0.9638461626170962
 -0.7652877298720594
 -0.1036040990979216
 -0.07373867095300139
 -0.6995201620685582
 0.04986627116164197
 -2.038947714168321
 -2.444763864320014
 0.4360210423808668
 -1.14404603723487
 -0.6277725411634425
 -0.3404124118652734
 0.3306204111872858
 -0.7259930089752352
 0.002831853596098229
 0.007212235955033186
 -0.8712416368978451
 0.8976750974720326
 -0.8293020757177438
 1.126938108936947
 0.1321181757342668
 0.6899020998845153
 -0.9437604480753735
 1.810270890809615
 -0.07729980597081196
 1.754393165264394
 -0.3770447312995387
 -0.6432546190888307
 0.06114657462445258
 -0.1132046101174029
 0.6778650294402261
 -0.8608012700551192
 0.5285835662676722
 0.5857217530210758
 2.085736549686843
 -0.1301846015093057
 -1.141900887834769
 -0.4791127133468689
 0.8026808910057455
 -0.1262030065809742
 1.515195777055283
 0.2064794115094221
 0.01585163483788716
 0.1647023413554232
 1.107630250368381
 -0.9874787155464565
 -0.7660020637978106
 0.6117363825605533
 -0.3632612805326481
 -0.5745769299853791
 0.3047122397130482
 1.030867915902741
 0.07325285056656641
 -1.559146447281761
 0.3306368111538742
 -0.2337245042682586
 -0.325597416554039
 -0.6617706447939746
 -1.660122554588815
 -1.14794351011405
 0.6640921910422046
 -0.6636286262490744
 0.04906319786622951
 -1.85504024304347
 1.071008517056979
 -0.4315326962010138
 0.5296396948671026
 0.7754069112283606
 -1.460376924066059
 -0.3608297415313518
 -0.7975977390710767
 -0.1939759988592456
 -0.4405182772746619
 -0.2115535877285002
 1.664316428211281
 0.08677964066474875
 0.1368005586194643
 0.1731226292770613
 -0.2242217091802564
 0.2525091779858954
 -1.737595458025659
 1.519558747505803
 1.414261310518028
 -0.4064806208444133
 0.1760455011163422
 -0.2645035399154511
 -0.4686047096949112
 0.8076004481783614
 1.365171527318691
 1.572294842742416
 -0.6799705553675572
 -1.461777809945965
 0.441534179259868
 1.307248345049473
 0.7394961491091967
 0.4057798884794221
 -0.793168942681022
 0.01810509470792086
 -1.50930997333487
 -0.7334649460851876
 -0.1133892245311412
 -0.773949508217646
 -0.8757106658114123
 0.1601869973564995
 -1.105447675401846
 0.1037335958548014
 -0.8959240995777543
 0.001214445794444953
 1.231083481371454
 1.57772525490706
 0.1443767108441135
 0.6241102442719603
 0.9601249402918676
 -0.1498624701176255
 0.06797529234665059
 -0.1195680546136738
 1.061786883911924
 -1.265773067899266
 0.6554255184585369
 0.07591264651686762
 -1.213771722717058
 -1.84558588762999
 -0.3373229694463645
 -0.7611468086807859
 -0.3166287284949617
 -0.5633183326084519
 -1.231193215353549
 -0.3687227947055474
 -0.399766166738955
 1.772023157052939
 0.008736193747571723
 -0.5886149202459111
 -0.336792856328512
 -1.666228172937606
 0.3620259317135098
 -1.309708144969926
 1.176889688741949
 -0.3324879134830606
 0.1707582711965596
 -1.517428357631338
 -1.223362528248393
 -0.5310199028202568
 -0.8670585757260506
 -0.2809496379502313
 0.2964784163214168
 1.757147431327177
 0.610861113936634
 2.900347336907972
 0.4536455500970216
 1.127045549503562
 0.3231854089270048
 -0.8552748275261863
 1.270431414525392
 -0.284987157617545
 -0.09113596571853767
 0.353352749251011
 1.171264471398103
 -0.4240590486596891
 -0.2452830998022145
 2.737074148880196
 -0.5950704463993377
 -0.4072096366883318
 -0.1092749261842958
 0.5111002589678478
 -1.294710960358117
 -1.239610490896382
 -1.037082627746035
 1.354487948559186
 0.160860440145923
 -0.798521460317883
 -0.2114971785121804
 -1.402123408996635
